// back face
-1.0 -1.0 -1.0  0.0  0.0 -1.0 0.0 0.0 // bottom-left
 1.0  1.0 -1.0  0.0  0.0 -1.0 1.0 1.0 // top-right
 1.0 -1.0 -1.0  0.0  0.0 -1.0 1.0 0.0 // bottom-right
 1.0  1.0 -1.0  0.0  0.0 -1.0 1.0 1.0 // top-right
-1.0 -1.0 -1.0  0.0  0.0 -1.0 0.0 0.0 // bottom-left
-1.0  1.0 -1.0  0.0  0.0 -1.0 0.0 1.0 // top-left
// front face
-1.0 -1.0  1.0  0.0  0.0  1.0 0.0 0.0 // bottom-left
 1.0 -1.0  1.0  0.0  0.0  1.0 1.0 0.0 // bottom-right
 1.0  1.0  1.0  0.0  0.0  1.0 1.0 1.0 // top-right
 1.0  1.0  1.0  0.0  0.0  1.0 1.0 1.0 // top-right
-1.0  1.0  1.0  0.0  0.0  1.0 0.0 1.0 // top-left
-1.0 -1.0  1.0  0.0  0.0  1.0 0.0 0.0 // bottom-left
// left face
-1.0  1.0  1.0 -1.0  0.0  0.0 1.0 0.0 // top-right
-1.0  1.0 -1.0 -1.0  0.0  0.0 1.0 1.0 // top-left
-1.0 -1.0 -1.0 -1.0  0.0  0.0 0.0 1.0 // bottom-left
-1.0 -1.0 -1.0 -1.0  0.0  0.0 0.0 1.0 // bottom-left
-1.0 -1.0  1.0 -1.0  0.0  0.0 0.0 0.0 // bottom-right
-1.0  1.0  1.0 -1.0  0.0  0.0 1.0 0.0 // top-right
// right face
1.0  1.0  1.0  1.0  0.0  0.0 1.0 0.0 // top-left
1.0 -1.0 -1.0  1.0  0.0  0.0 0.0 1.0 // bottom-right
1.0  1.0 -1.0  1.0  0.0  0.0 1.0 1.0 // top-right
1.0 -1.0 -1.0  1.0  0.0  0.0 0.0 1.0 // bottom-right
1.0  1.0  1.0  1.0  0.0  0.0 1.0 0.0 // top-left
1.0 -1.0  1.0  1.0  0.0  0.0 0.0 0.0 // bottom-left
// bottom face
-1.0 -1.0 -1.0  0.0 -1.0  0.0 0.0 1.0 // top-right
 1.0 -1.0 -1.0  0.0 -1.0  0.0 1.0 1.0 // top-left
 1.0 -1.0  1.0  0.0 -1.0  0.0 1.0 0.0 // bottom-left
 1.0 -1.0  1.0  0.0 -1.0  0.0 1.0 0.0 // bottom-left
-1.0 -1.0  1.0  0.0 -1.0  0.0 0.0 0.0 // bottom-right
-1.0 -1.0 -1.0  0.0 -1.0  0.0 0.0 1.0 // top-right
// top face
-1.0  1.0 -1.0  0.0  1.0  0.0 0.0 1.0 // top-left
 1.0  1.0  1.0  0.0  1.0  0.0 1.0 0.0 // bottom-right
 1.0  1.0 -1.0  0.0  1.0  0.0 1.0 1.0 // top-right
 1.0  1.0  1.0  0.0  1.0  0.0 1.0 0.0 // bottom-right
-1.0  1.0 -1.0  0.0  1.0  0.0 0.0 1.0 // top-left
-1.0  1.0  1.0  0.0  1.0  0.0 0.0 0.0  // bottom-left